sqrt(2) = 1.41421
2^(1/5) = 1.1487
e^(pi) = 23.1407
e^i = (0.540302,0.841471)
pi^(e) = 22.4592
pi^i = (0.413292,0.910598)
i^i = (0.20788,0)
log(i) = (0,1.5708)

fgamma(1)=1 tgamma(1)=1
fgamma(2)=1 tgamma(2)=1
fgamma(3)=2 tgamma(3)=2
fgamma(4)=6 tgamma(4)=6
fgamma(5)=24 tgamma(5)=24
fgamma(6)=120 tgamma(6)=120
fgamma(7)=720 tgamma(7)=720
fgamma(8)=5040 tgamma(8)=5040
fgamma(9)=40320 tgamma(9)=40320
fgamma(10)=362880 tgamma(10)=362880

lngamma(100)=359.134 lgamma(100)=359.134
