QR-decomp test
A1(3,2)
     -0.0779      0.6409
      0.4286      0.2591
     -0.0042      0.9454
Q
     -0.1788      0.5708
      0.9838      0.1116
     -0.0096      0.8134
R
      0.4357      0.1313
      0.0000      1.1638
Q^T*Q
      1.0000      0.0000
      0.0000      1.0000

Q*R-A
      0.0000     -0.0000
      0.0000      0.0000
      0.0042     -0.9454
det(A)
0.5070

Solve test
A2(4,4)
      0.7399      0.6710      0.7919      0.7630
     -0.0595     -0.4679      0.9650      0.7907
     -0.0207      0.4617     -0.6346      0.8126
      0.4251     -0.0158      0.6175      0.5643
b
[   -0.4762,     0.5622,    -0.5595,     0.4965]
solution x
[    1.5301,    -2.0503,    -0.4509,     0.1632]

A2*x - b
[   -0.0000,     0.0000,    -0.0000,     0.0000]
Inverse test
B
     -1.0429     -1.7094     -0.0824      3.9238
      1.7546      0.4609     -0.0194     -2.9901
      0.9909      0.8564     -0.6282     -1.6351
     -0.2495      0.3635      0.7489      0.5216
A2*B
      1.0000      0.0000      0.0000      0.0000
      0.0000      1.0000     -0.0000     -0.0000
     -0.0000      0.0000      1.0000     -0.0000
     -0.0000      0.0000     -0.0000      1.0000

