QR-decomp test
A1(3,2)
     -0.8864     -0.5499
     -0.4689      0.3943
      0.8282     -0.2464
Q
     -0.6815     -0.6958
     -0.3606      0.5887
      0.6368     -0.4114
R
      1.3006      0.0757
      0.0000      0.7161
Q^T*Q
      1.0000     -0.0000
     -0.0000      1.0000

Q*R-A
     -0.0000      0.0000
      0.0000      0.0000
     -0.8282      0.2464
det(A)
0.9314

Solve test
A2(4,4)
      0.0215     -0.0723      0.7373      0.9657
     -0.5854      0.6224      0.2428      0.7317
      0.8553      0.8973     -0.2251     -0.2559
     -0.8769     -0.4615      0.6649      0.4130
b
[   -0.7899,    -0.1984,    -0.1499,     0.4102]
solution x
[   -0.7043,     0.3063,     0.7316,    -1.3379]

A2*x - b
[    0.0000,     0.0000,     0.0000,    -0.0000]
Inverse test
B
      0.7314     -0.5983      0.2050     -0.5230
     -0.4112      0.5586      0.9970      0.5894
      0.1241     -0.8285      1.7473      2.2605
      0.8937      0.6877     -1.2640     -1.6700
A2*B
      1.0000      0.0000      0.0000     -0.0000
     -0.0000      1.0000     -0.0000     -0.0000
      0.0000     -0.0000      1.0000      0.0000
      0.0000     -0.0000     -0.0000      1.0000

